255 255 255 255 255 255 255 255 255 255 255 255 255 255 255 255
255  73  40  40  40  60 114 255 255 114  60  40  40  40  73 255
255  40 213 151 206  24  88  33  33 187  24 206 151 213  40 255
255  40 151   0 135  24  88 193 193  88  24 135   0 151  40 255
255  40 206 135 199  24 166 106 106  88  24 199 135 206  40 255
255  60  24  24  24  46 103 204 204 103  46  24  24  24  60 255
255 114 156 255  88 103 255 255 255 145 255 166  88  88 114 255
255  40  33   0  26 204  88 168 211  19   5  30 193 118  87 255
255 208 232   6  26 204  88  56  99  88 204 135   6  81 255 255
255 114 187 250 166  88  30  88  19 140  88 135 252  68  40 255
255  60  24  24  24  46 239 204   5 239  46 135  30  94 235 255
255  40 206 135 199  24  88  56 255  89   0 191 255 184 255 255
255  40 151   0 135  24 255  60 253   0   7 135 247   5  47 255
255  40 213 151 206  24 156 199  81  52 245  55 252 213 255 255
255  73  40  40  40  60 114  87  87 255  60 154 255 255  73 255
255 255 255 255 255 255 255 255 255 255 255 255 255 255 255 255
255 255 255 255 255 255 255 255 255 255 255 255 255 255 255 255
255  73  40  40  40  60 114 255 255 114  60  40  40  40  73 255
255  40 213 151 206  24  88  33  33 187  24 206 151 213  40 255
255  40 151   0 135  24  88 193 193  88  24 135   0 151  40 255
255  40 206 135 199  24 166 106 106  88  24 199 135 206  40 255
255  60  24  24  24  46 103 204 204 103  46  24  24  24  60 255
255 114 156 255  88 103 255 255 255 145 255 166  88  88 114 255
255  40  33   0  26 204  88 168 211  19   5  30 193 118  87 255
255 208 232   6  26 204  88  56  99  88 204 135   6  81 255 255
255 114 187 250 166  88  30  88  19 140  88 135 252  68  40 255
255  60  24  24  24  46 239 204   5 239  46 135  30  94 235 255
255  40 206 135 199  24  88  56 255  89   0 191 255 184 255 255
255  40 151   0 135  24 255  60 253   0   7 135 247   5  47 255
255  40 213 151 206  24 156 199  81  52 245  55 252 213 255 255
255  73  40  40  40  60 114  87  87 255  60 154 255 255  73 255
255 255 255 255 255 255 255 255 255 255 255 255 255 255 255 255
255 255 255 255 255 255 255 255 255 255 255 255 255 255 255 255
255  73  40  40  40  60 114 255 255 114  60  40  40  40  73 255
255  40 213 151 206  24  88  33  33 187  24 206 151 213  40 255
255  40 151   0 135  24  88 193 193  88  24 135   0 151  40 255
255  40 206 135 199  24 166 106 106  88  24 199 135 206  40 255
255  60  24  24  24  46 103 204 204 103  46  24  24  24  60 255
255 114 156 255  88 103 255 255 255 145 255 166  88  88 114 255
255  40  33   0  26 204  88 168 211  19   5  30 193 118  87 255
255 208 232   6  26 204  88  56  99  88 204 135   6  81 255 255
255 114 187 250 166  88  30  88  19 140  88 135 252  68  40 255
255  60  24  24  24  46 239 204   5 239  46 135  30  94 235 255
255  40 206 135 199  24  88  56 255  89   0 191 255 184 255 255
255  40 151   0 135  24 255  60 253   0   7 135 247   5  47 255
255  40 213 151 206  24 156 199  81  52 245  55 252 213 255 255
255  73  40  40  40  60 114  87  87 255  60 154 255 255  73 255
255 255 255 255 255 255 255 255 255 255 255 255 255 255 255 255

255 255 255 255 255 255 255 255 255 255 255 255 255 255 255 255
255  73  40  40  40  60 114  87 255  40 235 255  47 255  73 255
255  40 213 151 206  24  88 118  81  68  94 184   5 213 255 255
255  40 151   0 135  24  88 193   6 252  30 255 247 252 255 255
255  40 206 135 199  24 166  30 135 135 135 191 135  55 154 255
255  60  24  24  24  46 255   5 204  88  46   0   7 245  60 255
255 114 187  88  88 103 145  19  88 140 239  89   0  52 255 255
255 255  33 193 106 204 255 211  99  19   5 255 253  81  87 255
255 255  33 193 106 204 255 168  56  88 204  56  60 199  87 255
255 114  88  88 166 103 255  88  88  30 239  88 255 156 114 255
255  60  24  24  24  46 103 204 204  88  46  24  24  24  60 255
255  40 206 135 199  24  88  26  26 166  24 199 135 206  40 255
255  40 151   0 135  24 255   0   6 250  24 135   0 151  40 255
255  40 213 151 206  24 156  33 232 187  24 206 151 213  40 255
255  73  40  40  40  60 114  40 208 114  60  40  40  40  73 255
255 255 255 255 255 255 255 255 255 255 255 255 255 255 255 255
255 255 255 255 255 255 255 255 255 255 255 255 255 255 255 255
255  73  40  40  40  60 114  87 255  40 235 255  47 255  73 255
255  40 213 151 206  24  88 118  81  68  94 184   5 213 255 255
255  40 151   0 135  24  88 193   6 252  30 255 247 252 255 255
255  40 206 135 199  24 166  30 135 135 135 191 135  55 154 255
255  60  24  24  24  46 255   5 204  88  46   0   7 245  60 255
255 114 187  88  88 103 145  19  88 140 239  89   0  52 255 255
255 255  33 193 106 204 255 211  99  19   5 255 253  81  87 255
255 255  33 193 106 204 255 168  56  88 204  56  60 199  87 255
255 114  88  88 166 103 255  88  88  30 239  88 255 156 114 255
255  60  24  24  24  46 103 204 204  88  46  24  24  24  60 255
255  40 206 135 199  24  88  26  26 166  24 199 135 206  40 255
255  40 151   0 135  24 255   0   6 250  24 135   0 151  40 255
255  40 213 151 206  24 156  33 232 187  24 206 151 213  40 255
255  73  40  40  40  60 114  40 208 114  60  40  40  40  73 255
255 255 255 255 255 255 255 255 255 255 255 255 255 255 255 255
255 255 255 255 255 255 255 255 255 255 255 255 255 255 255 255
255  73  40  40  40  60 114  87 255  40 235 255  47 255  73 255
255  40 213 151 206  24  88 118  81  68  94 184   5 213 255 255
255  40 151   0 135  24  88 193   6 252  30 255 247 252 255 255
255  40 206 135 199  24 166  30 135 135 135 191 135  55 154 255
255  60  24  24  24  46 255   5 204  88  46   0   7 245  60 255
255 114 187  88  88 103 145  19  88 140 239  89   0  52 255 255
255 255  33 193 106 204 255 211  99  19   5 255 253  81  87 255
255 255  33 193 106 204 255 168  56  88 204  56  60 199  87 255
255 114  88  88 166 103 255  88  88  30 239  88 255 156 114 255
255  60  24  24  24  46 103 204 204  88  46  24  24  24  60 255
255  40 206 135 199  24  88  26  26 166  24 199 135 206  40 255
255  40 151   0 135  24 255   0   6 250  24 135   0 151  40 255
255  40 213 151 206  24 156  33 232 187  24 206 151 213  40 255
255  73  40  40  40  60 114  40 208 114  60  40  40  40  73 255
255 255 255 255 255 255 255 255 255 255 255 255 255 255 255 255

255 255 255 255 255 255 255 255 255 255 255 255 255 255 255 255
255  73 255 255 154  60 255  87  87 114  60  40  40  40  73 255
255 255 213 252  55 245  52  81 199 156  24 206 151 213  40 255
255  47   5 247 135   7   0 253  60 255  24 135   0 151  40 255
255 255 184 255 191   0  89 255  56  88  24 199 135 206  40 255
255 235  94  30 135  46 239   5 204 239  46  24  24  24  60 255
255  40  68 252 135  88 140  19  88  30  88 166 250 187 114 255
255 255  81   6 135 204  88  99  56  88 204  26   6 232 208 255
255  87 118 193  30   5  19 211 168  88 204  26   0  33  40 255
255 114  88  88 166 255 145 255 255 255 103  88 255 156 114 255
255  60  24  24  24  46 103 204 204 103  46  24  24  24  60 255
255  40 206 135 199  24  88 106 106 166  24 199 135 206  40 255
255  40 151   0 135  24  88 193 193  88  24 135   0 151  40 255
255  40 213 151 206  24 187  33  33  88  24 206 151 213  40 255
255  73  40  40  40  60 114 255 255 114  60  40  40  40  73 255
255 255 255 255 255 255 255 255 255 255 255 255 255 255 255 255
255 255 255 255 255 255 255 255 255 255 255 255 255 255 255 255
255  73 255 255 154  60 255  87  87 114  60  40  40  40  73 255
255 255 213 252  55 245  52  81 199 156  24 206 151 213  40 255
255  47   5 247 135   7   0 253  60 255  24 135   0 151  40 255
255 255 184 255 191   0  89 255  56  88  24 199 135 206  40 255
255 235  94  30 135  46 239   5 204 239  46  24  24  24  60 255
255  40  68 252 135  88 140  19  88  30  88 166 250 187 114 255
255 255  81   6 135 204  88  99  56  88 204  26   6 232 208 255
255  87 118 193  30   5  19 211 168  88 204  26   0  33  40 255
255 114  88  88 166 255 145 255 255 255 103  88 255 156 114 255
255  60  24  24  24  46 103 204 204 103  46  24  24  24  60 255
255  40 206 135 199  24  88 106 106 166  24 199 135 206  40 255
255  40 151   0 135  24  88 193 193  88  24 135   0 151  40 255
255  40 213 151 206  24 187  33  33  88  24 206 151 213  40 255
255  73  40  40  40  60 114 255 255 114  60  40  40  40  73 255
255 255 255 255 255 255 255 255 255 255 255 255 255 255 255 255
255 255 255 255 255 255 255 255 255 255 255 255 255 255 255 255
255  73 255 255 154  60 255  87  87 114  60  40  40  40  73 255
255 255 213 252  55 245  52  81 199 156  24 206 151 213  40 255
255  47   5 247 135   7   0 253  60 255  24 135   0 151  40 255
255 255 184 255 191   0  89 255  56  88  24 199 135 206  40 255
255 235  94  30 135  46 239   5 204 239  46  24  24  24  60 255
255  40  68 252 135  88 140  19  88  30  88 166 250 187 114 255
255 255  81   6 135 204  88  99  56  88 204  26   6 232 208 255
255  87 118 193  30   5  19 211 168  88 204  26   0  33  40 255
255 114  88  88 166 255 145 255 255 255 103  88 255 156 114 255
255  60  24  24  24  46 103 204 204 103  46  24  24  24  60 255
255  40 206 135 199  24  88 106 106 166  24 199 135 206  40 255
255  40 151   0 135  24  88 193 193  88  24 135   0 151  40 255
255  40 213 151 206  24 187  33  33  88  24 206 151 213  40 255
255  73  40  40  40  60 114 255 255 114  60  40  40  40  73 255
255 255 255 255 255 255 255 255 255 255 255 255 255 255 255 255

255 255 255 255 255 255 255 255 255 255 255 255 255 255 255 255
255  73  40  40  40  60 114 208  40 114  60  40  40  40  73 255
255  40 213 151 206  24 187 232  33 156  24 206 151 213  40 255
255  40 151   0 135  24 250   6   0 255  24 135   0 151  40 255
255  40 206 135 199  24 166  26  26  88  24 199 135 206  40 255
255  60  24  24  24  46  88 204 204 103  46  24  24  24  60 255
255 114 156 255  88 239  30  88  88 255 103 166  88  88 114 255
255  87 199  60  56 204  88  56 168 255 204 106 193  33 255 255
255  87  81 253 255   5  19  99 211 255 204 106 193  33 255 255
255 255  52   0  89 239 140  88  19 145 103  88  88 187 114 255
255  60 245   7   0  46  88 204   5 255  46  24  24  24  60 255
255 154  55 135 191 135 135 135  30 166  24 199 135 206  40 255
255 255 252 247 255  30 252   6 193  88  24 135   0 151  40 255
255 255 213   5 184  94  68  81 118  88  24 206 151 213  40 255
255  73 255  47 255 235  40 255  87 114  60  40  40  40  73 255
255 255 255 255 255 255 255 255 255 255 255 255 255 255 255 255
255 255 255 255 255 255 255 255 255 255 255 255 255 255 255 255
255  73  40  40  40  60 114 208  40 114  60  40  40  40  73 255
255  40 213 151 206  24 187 232  33 156  24 206 151 213  40 255
255  40 151   0 135  24 250   6   0 255  24 135   0 151  40 255
255  40 206 135 199  24 166  26  26  88  24 199 135 206  40 255
255  60  24  24  24  46  88 204 204 103  46  24  24  24  60 255
255 114 156 255  88 239  30  88  88 255 103 166  88  88 114 255
255  87 199  60  56 204  88  56 168 255 204 106 193  33 255 255
255  87  81 253 255   5  19  99 211 255 204 106 193  33 255 255
255 255  52   0  89 239 140  88  19 145 103  88  88 187 114 255
255  60 245   7   0  46  88 204   5 255  46  24  24  24  60 255
255 154  55 135 191 135 135 135  30 166  24 199 135 206  40 255
255 255 252 247 255  30 252   6 193  88  24 135   0 151  40 255
255 255 213   5 184  94  68  81 118  88  24 206 151 213  40 255
255  73 255  47 255 235  40 255  87 114  60  40  40  40  73 255
255 255 255 255 255 255 255 255 255 255 255 255 255 255 255 255
255 255 255 255 255 255 255 255 255 255 255 255 255 255 255 255
255  73  40  40  40  60 114 208  40 114  60  40  40  40  73 255
255  40 213 151 206  24 187 232  33 156  24 206 151 213  40 255
255  40 151   0 135  24 250   6   0 255  24 135   0 151  40 255
255  40 206 135 199  24 166  26  26  88  24 199 135 206  40 255
255  60  24  24  24  46  88 204 204 103  46  24  24  24  60 255
255 114 156 255  88 239  30  88  88 255 103 166  88  88 114 255
255  87 199  60  56 204  88  56 168 255 204 106 193  33 255 255
255  87  81 253 255   5  19  99 211 255 204 106 193  33 255 255
255 255  52   0  89 239 140  88  19 145 103  88  88 187 114 255
255  60 245   7   0  46  88 204   5 255  46  24  24  24  60 255
255 154  55 135 191 135 135 135  30 166  24 199 135 206  40 255
255 255 252 247 255  30 252   6 193  88  24 135   0 151  40 255
255 255 213   5 184  94  68  81 118  88  24 206 151 213  40 255
255  73 255  47 255 235  40 255  87 114  60  40  40  40  73 255
255 255 255 255 255 255 255 255 255 255 255 255 255 255 255 255
